     0.034938562     -0.022821050
     0.069877124      0.010910576
      0.10481569      0.044489688
      0.13975425      0.077308944
      0.17469281       0.10938071
      0.20963137       0.14113640
      0.24456994       0.17368967
      0.27950850       0.20855134
      0.31444706       0.24726765
      0.34938562       0.28881914
      0.38432418       0.33032424
      0.41926275       0.37189704
      0.44028134       0.39795758
      0.45420131       0.41429258
      0.47521582       0.44099564
      0.48913987       0.45607249
      0.51015087       0.48398442
      0.52407843       0.49991378
      0.54508636       0.51856030
      0.55901699       0.54464009
      0.58002222       0.60725807
      0.59395556       0.61697098
      0.61495840       0.55254390
      0.62889412       0.46533798
      0.64989482       0.30293295
      0.66383268       0.19924529
      0.68483147       0.13768129
      0.69877124       0.13196267
      0.71976830       0.11822486
      0.73370981       0.10668872
      0.75470529      0.085935579
      0.76864837      0.073511613
      0.78964242      0.056087934
      0.80358693      0.045813829
      0.82457968      0.032188390
      0.83852549      0.024394072
      0.85951703      0.014456198
      0.87346405     0.0093013526
      0.88056268     0.0067998655
      0.89445449     0.0030719193
      0.90840262    0.00021390126
      0.91549700    -0.0010760571
      0.92939202    -0.0026530531
      0.94334118    -0.0036531803
      0.95043165    -0.0040188114
      0.96432963    -0.0040508582
      0.97827974    -0.0039586673
      0.98536656    -0.0038994199
      0.99926731    -0.0036117592
       1.0132183    -0.0032638822
       1.0203017    -0.0032564445
       1.0342050    -0.0030867419
       1.0481569    -0.0028042546
       1.0552371    -0.0027919654
       1.0691428    -0.0026311271
       1.0830954    -0.0024687314
       1.0901727    -0.0023877941
       1.1040807    -0.0022732338
       1.1180340    -0.0021750990
       1.1251085    -0.0020673486
