     0.034938562       0.91478821
     0.069877124       0.91788907
      0.10481569       0.91847886
      0.13975425       0.91677209
      0.17469281       0.91287515
      0.20963137       0.90693525
      0.24456994       0.89862539
      0.27950850       0.88750471
      0.31444706       0.87228530
      0.34938562       0.85239954
      0.38432418       0.82734363
      0.41926275       0.79691234
      0.44028134       0.77404796
      0.45420131       0.75977517
      0.47521582       0.73139984
      0.48913987       0.71469406
      0.51015087       0.68068887
      0.52407843       0.65938593
      0.54508636       0.62677176
      0.55901699       0.59003578
      0.58002222       0.56357066
      0.59395556       0.52488186
      0.61495840       0.45282030
      0.62889412       0.49265870
      0.64989482       0.62120907
      0.66383268       0.67810861
      0.68483147       0.72599372
      0.69877124       0.73284237
      0.71976830       0.73361323
      0.73370981       0.73427356
      0.75470529       0.73641228
      0.76864837       0.73730217
      0.78964242       0.73837967
      0.80358693       0.73870534
      0.82457968       0.73898178
      0.83852549       0.73894404
      0.85951703       0.73881621
      0.87346405       0.73856833
      0.88056268       0.73856442
      0.89445449       0.73827693
      0.90840262       0.73799337
      0.91549700       0.73793305
      0.92939202       0.73766524
      0.94334118       0.73745289
      0.95043165       0.73732359
      0.96432963       0.73719889
      0.97827974       0.73688885
      0.98536656       0.73693762
      0.99926731       0.73666525
       1.0132183       0.73659187
       1.0203017       0.73645737
       1.0342050       0.73640693
       1.0481569       0.73614640
       1.0552371       0.73623139
       1.0691428       0.73598641
       1.0830954       0.73597629
       1.0901727       0.73584152
       1.1040807       0.73583166
       1.1180340       0.73563143
       1.1251085       0.73570346
