       0        0.0000000        0.0000000        0.0000000        0.0000000        0.0000000        0.0000000        0.0000000
      10     0.0074718551     0.0016392510     0.0015549834     0.0037425125    0.00021135001    0.00031907254    4.6856936e-06
      20     0.0044029005    0.00094301024    0.00090700069     0.0019913338    0.00024263395    0.00030744380    1.1478034e-05
      30      0.010589927     0.0021257706     0.0021209156     0.0044308248    0.00083024386     0.0010215156    6.0656370e-05
      40      0.055394710      0.011246251      0.011388184      0.022716421     0.0044565077     0.0052428467    0.00034449918
      50       0.30630658      0.062169147      0.062610814       0.12516471      0.024671552      0.029637814     0.0020525453
      60        1.2916675       0.25970718       0.25971304       0.50804011       0.11958008       0.13474048     0.0098866071
      70        1.7756816       0.31543278       0.30983567       0.70549667       0.21235851       0.21742209      0.015135903
      80        4.7120020       0.63825869       0.56646673        2.2093814       0.78961306       0.48079743      0.027484770
      90        80.772402        12.314415        13.172114        32.029052        11.126637        11.149516       0.98066857
     100        176.29650        31.350582        30.338095        71.916016        20.117220        20.632914        1.9416704
     110        262.43319        48.266705        48.823114        114.76508        23.485195        25.024652        2.0684427
     120        268.06999        54.216762        52.226738        125.51553        15.440883        19.479337        1.1907458
     130        289.55697        60.601858        59.104006        132.72691        19.054372        17.411051       0.65877973
     140        199.37225        38.713515        39.172834        92.877967        12.025909        15.943351       0.63867201
     150        132.74565        25.383111        25.618578        61.899714        7.8373963        11.639041       0.36781257
     160        75.659455        15.492118        15.730956        31.797712        5.1964614        7.1899303       0.25227680
     170        44.866574        8.3163601        8.4783336        19.187842        3.5750657        5.1312283       0.17774508
     180        50.581591        9.6497753        9.7601065        23.245518        3.1736693        4.5892984       0.16322374
     190        53.886164        10.535649        10.462458        24.177522        3.6078993        4.9521632       0.15047295
     200        36.937556        6.9115076        7.0425423        15.959108        2.8191926        4.0763500       0.12885581
     210        27.925206        6.0179219        6.1040126        10.982557        2.1602581        2.5688232      0.091633054
     220        22.209416        4.1635022        4.1711339        9.7531602        1.9865079        2.0533709      0.081741330
     230        21.295446        3.1809768        3.1981880        8.2817159        3.2133259        3.1303524       0.29088725
     240        28.807838        3.2283907        3.2880429        9.7696059        6.2770696        5.7572152       0.48751408
     250        30.820794        3.6864959        3.7252751        9.9715148        6.6139282        6.5339559       0.28962413
     260        30.275303        4.0597902        4.0574028        9.9975720        5.6656651        6.3124668       0.18240645
     270        23.968613        2.9999481        3.0391965        7.6441344        4.5576817        5.6049819       0.12267033
     280        17.377935        2.0593688        2.0794993        4.7830250        3.7617387        4.6183263      0.075976921
     290        13.636381        1.6210084        1.6318787        3.4254127        3.1192044        3.7848322      0.054044921
     300        12.248099        1.4917679        1.4809404        3.4507615        2.6069508        3.1751162      0.042562078
     310        10.440951        1.3030312        1.3129751        2.7732221        2.2901844        2.7226697      0.038868565
     320        9.3463674        1.1292610        1.1521961        2.7438755        1.9988095        2.2880902      0.034135040
     330        8.0252264       0.97443832       0.99624680        2.3109070        1.7790622        1.9364211      0.028151003
     340        7.8073322       0.99416814        1.0164330        2.3792158        1.6681616        1.7245554      0.024798162
     350        7.4018663       0.95673050       0.98050335        2.2748343        1.6093548        1.5566331      0.023810257
     360        8.3482491        1.1270790        1.1694906        2.8894389        1.6015822        1.5317702      0.028888169
     370        8.3469257        1.1936899        1.2311452        2.7908467        1.6410320        1.4603955      0.029816511
     380        8.9844800        1.2281269        1.2648262        3.4042730        1.6659407        1.3970143      0.024298981
     390        8.9854409        1.3125280        1.3400876        3.2229286        1.7767987        1.3043432      0.028754914
     400        9.7944584        1.4249603        1.4498957        3.6436655        1.9775290        1.2659482      0.032459669
